# Marco Aurelio González Tagle
# 23/02/2023
# Laboratorio 1

# Gastos totales

300 + 240 + 1527 + 400 + 1500 + 1833
300/6
200 * 2
4 ^ 2

celular <- 300
celular *12
celular * celular
